Msmo: 4.666666666666667 RhoS: 1.0
Ml1: 55.0 RhoN: 1.0
Mspe: 20.0 RhoV: 1.0
Mtem: 1.0 RhoT: 1.0
RhoP: 1.0 Chi2: 1.0667360164141995 Con: 1
 Con: 1
