Msmo: 8.333333333333334 RhoS: 1.0
Ml1: 40.0 RhoN: 1.0
Mspe: 10.0 RhoV: 1.0
Mtem: 1.0 RhoT: 1.0
RhoP: 1.0 Chi2: 1.02591279030144 Con: 1
 Con: 1
