Msmo: 8.333333333333334 RhoS: 1.0
Ml1: 40.0 RhoN: 1.0
Mspe: 13.333333333333334 RhoV: 1.0
Mtem: 1.0 RhoT: 1.0
RhoP: 1.0 Chi2: 1.039769052669043 Con: 1
 Con: 1
