Msmo: 8.333333333333334 RhoS: 1.0
Ml1: 45.0 RhoN: 1.0
Mspe: 20.0 RhoV: 1.0
Mtem: 7.0 RhoT: 1.0
RhoP: 1.0 Chi2: 1.0875817798390695 Con: 1
 Con: 1
