Msmo: 100.33333333333333 RhoS: 1.0
Ml1: 100.33333333333333 RhoN: 1.0
Mspe: 150.0 RhoV: 1.0
Mtem: 1.0 RhoT: 1.0
RhoP: 1.0 Chi2: 1.601706320215991 Con: 1
 Con: 1
