Msmo: 100.33333333333333 RhoS: 1.0
Ml1: 150.0 RhoN: 1.0
Mspe: 1.0 RhoV: 1.0
Mtem: 150.0 RhoT: 1.0
RhoP: 1.0 Chi2: 1.5302023731016847 Con: 0
 Con: 0
