Msmo: 100.33333333333333 RhoS: 1.0
Ml1: 150.0 RhoN: 1.0
Mspe: 50.666666666666664 RhoV: 1.0
Mtem: 100.33333333333333 RhoT: 1.0
RhoP: 1.0 Chi2: 1.6756768978858314 Con: 1
 Con: 1
