Msmo: 150.0 RhoS: 1.0
Ml1: 1.0 RhoN: 1.0
Mspe: 50.666666666666664 RhoV: 1.0
Mtem: 100.33333333333333 RhoT: 1.0
RhoP: 1.0 Chi2: 1.4432623163817069 Con: 1
 Con: 1
