Msmo: 150.0 RhoS: 1.0
Ml1: 1.0 RhoN: 1.0
Mspe: 150.0 RhoV: 1.0
Mtem: 50.666666666666664 RhoT: 1.0
RhoP: 1.0 Chi2: 1.5862024434364348 Con: 0
 Con: 0
