Msmo: 150.0 RhoS: 1.0
Ml1: 50.666666666666664 RhoN: 1.0
Mspe: 50.666666666666664 RhoV: 1.0
Mtem: 150.0 RhoT: 1.0
RhoP: 1.0 Chi2: 1.5164741305916152 Con: 0
 Con: 0
