Msmo: 150.0 RhoS: 1.0
Ml1: 50.666666666666664 RhoN: 1.0
Mspe: 150.0 RhoV: 1.0
Mtem: 100.33333333333333 RhoT: 1.0
RhoP: 1.0 Chi2: 1.5468415571127205 Con: 1
 Con: 1
