Msmo: 150.0 RhoS: 1.0
Ml1: 100.33333333333333 RhoN: 1.0
Mspe: 1.0 RhoV: 1.0
Mtem: 100.33333333333333 RhoT: 1.0
RhoP: 1.0 Chi2: 1.4216886645280649 Con: 0
 Con: 0
