Msmo: 150.0 RhoS: 1.0
Ml1: 100.33333333333333 RhoN: 1.0
Mspe: 100.33333333333333 RhoV: 1.0
Mtem: 100.33333333333333 RhoT: 1.0
RhoP: 1.0 Chi2: 1.6430327042999153 Con: 1
 Con: 1
