Msmo: 150.0 RhoS: 1.0
Ml1: 150.0 RhoN: 1.0
Mspe: 100.33333333333333 RhoV: 1.0
Mtem: 1.0 RhoT: 1.0
RhoP: 1.0 Chi2: 1.6549951695642544 Con: 1
 Con: 1
