Msmo: 1.0 RhoS: 1.0
Ml1: 40.0 RhoN: 1.0
Mspe: 13.333333333333334 RhoV: 1.0
Mtem: 1.0 RhoT: 1.0
RhoP: 1.0 Chi2: 1.0201880011759432 Con: 1
 Con: 1
