Msmo: 1.0 RhoS: 1.0
Ml1: 55.0 RhoN: 1.0
Mspe: 16.666666666666668 RhoV: 1.0
Mtem: 1.0 RhoT: 1.0
RhoP: 1.0 Chi2: 1.041657744987527 Con: 0
 Con: 0
