Msmo: 4.666666666666667 RhoS: 1.0
Ml1: 40.0 RhoN: 1.0
Mspe: 10.0 RhoV: 1.0
Mtem: 4.0 RhoT: 1.0
RhoP: 1.0 Chi2: 1.104989392040992 Con: 1
 Con: 1
