Msmo: 4.666666666666667 RhoS: 1.0
Ml1: 45.0 RhoN: 1.0
Mspe: 10.0 RhoV: 1.0
Mtem: 1.0 RhoT: 1.0
RhoP: 1.0 Chi2: 1.0215979445825283 Con: 1
 Con: 1
