Msmo: 17.333333333333332 RhoS: 1.0
Ml1: 33.666666666666664 RhoN: 1.0
Mspe: 50.0 RhoV: 1.0
Mtem: 1.0 RhoT: 1.0
RhoP: 1.0 Chi2: 1.3001037042509052 Con: 0
 Con: 0
