Msmo: 4.666666666666667 RhoS: 1.0
Ml1: 45.0 RhoN: 1.0
Mspe: 13.333333333333334 RhoV: 1.0
Mtem: 10.0 RhoT: 1.0
RhoP: 1.0 Chi2: 1.1455831526936822 Con: 1
 Con: 1
