Msmo: 17.333333333333332 RhoS: 1.0
Ml1: 50.0 RhoN: 1.0
Mspe: 1.0 RhoV: 1.0
Mtem: 1.0 RhoT: 1.0
RhoP: 1.0 Chi2: 1.0052151677512422 Con: 0
 Con: 0
