Msmo: 1.0 RhoS: 1.0
Ml1: 60.6 RhoN: 6.009756467104755
Mspe: 150.0 RhoV: 1.0
Mtem: 120.2 RhoT: 1.0
RhoP: 1.0 Chi2: 1.0699685037929103 Con: 0
 Con: 0
