Msmo: 1.0 RhoS: 1.0
Ml1: 90.4 RhoN: 0.9640861467199302
Mspe: 1.0 RhoV: 1.0
Mtem: 1.0 RhoT: 1.0
RhoP: 1.0 Chi2: 0.9655999553162392 Con: 0
 Con: 0
