Msmo: 1.0 RhoS: 1.6799034128246901
Ml1: 90.4 RhoN: 0.9646781770731996
Mspe: 60.6 RhoV: 1.0
Mtem: 1.0 RhoT: 1.0
RhoP: 1.0 Chi2: 1.0598302425765753 Con: 0
 Con: 0
