Msmo: 1.0 RhoS: 1.536270975864901
Ml1: 90.4 RhoN: 0.9606364623305602
Mspe: 90.4 RhoV: 1.0
Mtem: 1.0 RhoT: 1.0
RhoP: 1.0 Chi2: 1.0657505686096718 Con: 0
 Con: 0
