Msmo: 1.0 RhoS: 1.0
Ml1: 90.4 RhoN: 0.9295394034281012
Mspe: 120.2 RhoV: 1.0
Mtem: 1.0 RhoT: 1.0
RhoP: 1.0 Chi2: 1.2330824502118551 Con: 0
 Con: 0
