Msmo: 1.0 RhoS: 1.0
Ml1: 1.0 RhoN: 0.999999999999998
Mspe: 60.6 RhoV: 1.0
Mtem: 30.8 RhoT: 1.0
RhoP: 1.0 Chi2: 1.0024646619091637 Con: 0
 Con: 0
