Msmo: 30.8 RhoS: 1.0
Ml1: 1.0 RhoN: 1.0000000000000016
Mspe: 60.6 RhoV: 1.0
Mtem: 150.0 RhoT: 1.0
RhoP: 1.0 Chi2: 1.0938044074881412 Con: 0
 Con: 0
