Msmo: 30.8 RhoS: 1.0
Ml1: 1.0 RhoN: 1.0000000000000187
Mspe: 120.2 RhoV: 1.0
Mtem: 150.0 RhoT: 1.0
RhoP: 1.0 Chi2: 1.1171246627405265 Con: 1
 Con: 1
