Msmo: 30.8 RhoS: 1.0
Ml1: 30.8 RhoN: 0.9999999999954605
Mspe: 1.0 RhoV: 1.0
Mtem: 30.8 RhoT: 1.0
RhoP: 1.0 Chi2: 1.0549250413887024 Con: 0
 Con: 0
