Msmo: 1.0 RhoS: 1.0
Ml1: 1.0 RhoN: 0.9999999999999903
Mspe: 120.2 RhoV: 1.0
Mtem: 30.8 RhoT: 1.0
RhoP: 1.0 Chi2: 1.0212160084329338 Con: 0
 Con: 0
