Msmo: 1.0 RhoS: 1.0
Ml1: 1.0 RhoN: 0.9999931432967187
Mspe: 120.2 RhoV: 1.0
Mtem: 60.6 RhoT: 1.0
RhoP: 1.0 Chi2: 1.028196841388291 Con: 0
 Con: 0
