Msmo: 1.0 RhoS: 1.0
Ml1: 1.0 RhoN: 0.9999999999989932
Mspe: 120.2 RhoV: 1.0
Mtem: 120.2 RhoT: 1.0
RhoP: 1.0 Chi2: 1.0364902002605874 Con: 0
 Con: 0
