Msmo: 30.8 RhoS: 1.0
Ml1: 60.6 RhoN: 0.9999999326134605
Mspe: 1.0 RhoV: 1.0
Mtem: 60.6 RhoT: 1.0
RhoP: 1.0 Chi2: 1.0716204765373698 Con: 0
 Con: 0
