Msmo: 1.0 RhoS: 1.0
Ml1: 1.0 RhoN: 0.9999999999999817
Mspe: 120.2 RhoV: 1.0
Mtem: 150.0 RhoT: 1.0
RhoP: 1.0 Chi2: 1.0357706647407672 Con: 0
 Con: 0
