Msmo: 1.0 RhoS: 1.0
Ml1: 1.0 RhoN: 1.975153698143111
Mspe: 150.0 RhoV: 1.0
Mtem: 1.0 RhoT: 1.0
RhoP: 1.0 Chi2: 1.0374801063275605 Con: 0
 Con: 0
