Msmo: 30.8 RhoS: 1.0
Ml1: 90.4 RhoN: 0.9737635851232321
Mspe: 1.0 RhoV: 1.0
Mtem: 60.6 RhoT: 1.0
RhoP: 1.0 Chi2: 1.0843385208160672 Con: 0
 Con: 0
