Msmo: 30.8 RhoS: 1.0
Ml1: 90.4 RhoN: 0.9999996839657209
Mspe: 1.0 RhoV: 1.0
Mtem: 90.4 RhoT: 1.0
RhoP: 1.0 Chi2: 1.094587689559656 Con: 0
 Con: 0
