Msmo: 1.0 RhoS: 1.0
Ml1: 1.0 RhoN: 1.0000000000561748
Mspe: 150.0 RhoV: 1.0
Mtem: 90.4 RhoT: 1.0
RhoP: 1.0 Chi2: 1.0381848459663756 Con: 0
 Con: 0
