Msmo: 1.0 RhoS: 1.0
Ml1: 1.0 RhoN: 0.9999999999989989
Mspe: 150.0 RhoV: 1.0
Mtem: 120.2 RhoT: 1.0
RhoP: 1.0 Chi2: 1.0350672890015558 Con: 0
 Con: 0
