Msmo: 30.8 RhoS: 1.0
Ml1: 120.2 RhoN: 0.9996080379017233
Mspe: 1.0 RhoV: 1.0
Mtem: 30.8 RhoT: 1.0
RhoP: 1.0 Chi2: 1.0884533497745927 Con: 0
 Con: 0
