Msmo: 30.8 RhoS: 1.0
Ml1: 120.2 RhoN: 0.999999865652772
Mspe: 1.0 RhoV: 1.0
Mtem: 90.4 RhoT: 1.0
RhoP: 1.0 Chi2: 1.1108275920568793 Con: 1
 Con: 1
