Msmo: 1.0 RhoS: 1.0
Ml1: 30.8 RhoN: 0.9614711334101586
Mspe: 1.0 RhoV: 1.0
Mtem: 1.0 RhoT: 1.0
RhoP: 1.0 Chi2: 0.9391830845331289 Con: 0
 Con: 0
