Msmo: 30.8 RhoS: 1.0
Ml1: 150.0 RhoN: 0.9999681254905237
Mspe: 1.0 RhoV: 1.0
Mtem: 30.8 RhoT: 1.0
RhoP: 1.0 Chi2: 1.103849353058109 Con: 0
 Con: 0
