Msmo: 30.8 RhoS: 1.0
Ml1: 150.0 RhoN: 0.9999967582502997
Mspe: 1.0 RhoV: 1.0
Mtem: 90.4 RhoT: 1.0
RhoP: 1.0 Chi2: 1.129414108549344 Con: 0
 Con: 0
