Msmo: 60.6 RhoS: 1.0
Ml1: 90.4 RhoN: 0.96834480554816
Mspe: 1.0 RhoV: 1.0
Mtem: 60.6 RhoT: 1.0
RhoP: 1.0 Chi2: 1.1519156642666362 Con: 0
 Con: 0
