Msmo: 60.6 RhoS: 1.0
Ml1: 120.2 RhoN: 0.9998711194121487
Mspe: 1.0 RhoV: 1.0
Mtem: 60.6 RhoT: 1.0
RhoP: 1.0 Chi2: 1.1653523454137868 Con: 0
 Con: 0
