Msmo: 60.6 RhoS: 1.0
Ml1: 120.2 RhoN: 0.9999999999855902
Mspe: 1.0 RhoV: 1.0
Mtem: 120.2 RhoT: 1.0
RhoP: 1.0 Chi2: 1.187640844968851 Con: 0
 Con: 0
