Msmo: 1.0 RhoS: 1.0
Ml1: 30.8 RhoN: 5.455940804098127
Mspe: 90.4 RhoV: 1.0
Mtem: 150.0 RhoT: 1.0
RhoP: 1.0 Chi2: 1.0416571434397148 Con: 0
 Con: 0
