Msmo: 60.6 RhoS: 1.0
Ml1: 150.0 RhoN: 0.9999678321122871
Mspe: 1.0 RhoV: 1.0
Mtem: 30.8 RhoT: 1.0
RhoP: 1.0 Chi2: 1.1696603668408811 Con: 0
 Con: 0
