Msmo: 60.6 RhoS: 1.0
Ml1: 150.0 RhoN: 0.9708040186275149
Mspe: 1.0 RhoV: 1.0
Mtem: 90.4 RhoT: 1.0
RhoP: 1.0 Chi2: 1.1927603576059742 Con: 1
 Con: 1
