Msmo: 60.6 RhoS: 1.0
Ml1: 150.0 RhoN: 0.9970621259280998
Mspe: 1.0 RhoV: 1.0
Mtem: 120.2 RhoT: 1.0
RhoP: 1.0 Chi2: 1.2057934937638233 Con: 0
 Con: 0
