Msmo: 60.6 RhoS: 1.0
Ml1: 150.0 RhoN: 0.9076687661105923
Mspe: 1.0 RhoV: 1.0
Mtem: 150.0 RhoT: 1.0
RhoP: 1.0 Chi2: 1.219772988008283 Con: 0
 Con: 0
