Msmo: 1.0 RhoS: 1.0
Ml1: 30.8 RhoN: 2.554083366865909
Mspe: 150.0 RhoV: 1.0
Mtem: 120.2 RhoT: 1.0
RhoP: 1.0 Chi2: 1.0536723611583005 Con: 0
 Con: 0
