Msmo: 1.0 RhoS: 1.0
Ml1: 30.8 RhoN: 5.455940804098207
Mspe: 150.0 RhoV: 1.0
Mtem: 150.0 RhoT: 1.0
RhoP: 1.0 Chi2: 1.0869303340354943 Con: 1
 Con: 1
