Msmo: 1.0 RhoS: 1.0
Ml1: 60.6 RhoN: 0.955907536308749
Mspe: 1.0 RhoV: 1.0
Mtem: 1.0 RhoT: 1.0
RhoP: 1.0 Chi2: 0.9521568293331152 Con: 0
 Con: 0
