Msmo: 90.4 RhoS: 1.0
Ml1: 150.0 RhoN: 0.9999998944542083
Mspe: 1.0 RhoV: 1.0
Mtem: 30.8 RhoT: 1.0
RhoP: 1.0 Chi2: 1.2250838865620992 Con: 1
 Con: 1
