Msmo: 15.5 RhoS: 1.0
Ml1: 1.0 RhoN: 1.0
Mspe: 1.0 RhoV: 1.0
Mtem: 25.166666666666668 RhoT: 1.0
RhoP: 1.0 Chi2: 1.1841975680040335 Con: 0
 Con: 0
