Msmo: 15.5 RhoS: 1.0
Ml1: 1.0 RhoN: 1.0
Mspe: 5.833333333333333 RhoV: 1.0
Mtem: 15.5 RhoT: 1.0
RhoP: 1.0 Chi2: 1.1569092742005656 Con: 0
 Con: 0
