Msmo: 15.5 RhoS: 1.0
Ml1: 1.0 RhoN: 1.0
Mspe: 30.0 RhoV: 1.0
Mtem: 10.666666666666666 RhoT: 1.0
RhoP: 1.0 Chi2: 1.2224508204805618 Con: 1
 Con: 1
