Msmo: 15.5 RhoS: 1.0
Ml1: 5.833333333333333 RhoN: 1.0
Mspe: 25.166666666666668 RhoV: 1.0
Mtem: 20.333333333333332 RhoT: 1.0
RhoP: 1.0 Chi2: 1.2440152808163678 Con: 1
 Con: 1
