Msmo: 15.5 RhoS: 1.0
Ml1: 15.5 RhoN: 1.0
Mspe: 10.666666666666666 RhoV: 1.0
Mtem: 15.5 RhoT: 1.0
RhoP: 1.0 Chi2: 1.1803024536559379 Con: 1
 Con: 1
