Msmo: 15.5 RhoS: 1.0
Ml1: 15.5 RhoN: 1.0
Mspe: 10.666666666666666 RhoV: 1.0
Mtem: 25.166666666666668 RhoT: 1.0
RhoP: 1.0 Chi2: 1.2250780316390626 Con: 1
 Con: 1
