Msmo: 15.5 RhoS: 1.0
Ml1: 20.333333333333332 RhoN: 1.0
Mspe: 15.5 RhoV: 1.0
Mtem: 1.0 RhoT: 1.0
RhoP: 1.0 Chi2: 1.1278578536472805 Con: 1
 Con: 1
