Msmo: 15.5 RhoS: 1.0
Ml1: 25.166666666666668 RhoN: 1.0
Mspe: 10.666666666666666 RhoV: 1.0
Mtem: 1.0 RhoT: 1.0
RhoP: 1.0 Chi2: 1.1001956882928596 Con: 1
 Con: 1
