Msmo: 15.5 RhoS: 1.0
Ml1: 25.166666666666668 RhoN: 1.0
Mspe: 25.166666666666668 RhoV: 1.0
Mtem: 1.0 RhoT: 1.0
RhoP: 1.0 Chi2: 1.188433892773462 Con: 1
 Con: 1
