Msmo: 20.333333333333332 RhoS: 1.0
Ml1: 1.0 RhoN: 1.0
Mspe: 15.5 RhoV: 1.0
Mtem: 30.0 RhoT: 1.0
RhoP: 1.0 Chi2: 1.260344088877291 Con: 0
 Con: 0
