Msmo: 20.333333333333332 RhoS: 1.0
Ml1: 1.0 RhoN: 1.0
Mspe: 30.0 RhoV: 1.0
Mtem: 5.833333333333333 RhoT: 1.0
RhoP: 1.0 Chi2: 1.2143756274305522 Con: 0
 Con: 0
