Msmo: 20.333333333333332 RhoS: 1.0
Ml1: 5.833333333333333 RhoN: 1.0
Mspe: 20.333333333333332 RhoV: 1.0
Mtem: 15.5 RhoT: 1.0
RhoP: 1.0 Chi2: 1.213010657887975 Con: 1
 Con: 1
