Msmo: 20.333333333333332 RhoS: 1.0
Ml1: 5.833333333333333 RhoN: 1.0
Mspe: 25.166666666666668 RhoV: 1.0
Mtem: 1.0 RhoT: 1.0
RhoP: 1.0 Chi2: 1.1717808350672776 Con: 1
 Con: 1
