Msmo: 20.333333333333332 RhoS: 1.0
Ml1: 10.666666666666666 RhoN: 1.0
Mspe: 1.0 RhoV: 1.0
Mtem: 20.333333333333332 RhoT: 1.0
RhoP: 1.0 Chi2: 1.157316496429317 Con: 1
 Con: 1
