Msmo: 20.333333333333332 RhoS: 1.0
Ml1: 25.166666666666668 RhoN: 1.0
Mspe: 20.333333333333332 RhoV: 1.0
Mtem: 1.0 RhoT: 1.0
RhoP: 1.0 Chi2: 1.1697618183456129 Con: 1
 Con: 1
