Msmo: 20.333333333333332 RhoS: 1.0
Ml1: 30.0 RhoN: 1.0
Mspe: 1.0 RhoV: 1.0
Mtem: 20.333333333333332 RhoT: 1.0
RhoP: 1.0 Chi2: 1.1762824012871735 Con: 1
 Con: 1
