Msmo: 25.166666666666668 RhoS: 1.0
Ml1: 1.0 RhoN: 1.0
Mspe: 15.5 RhoV: 1.0
Mtem: 5.833333333333333 RhoT: 1.0
RhoP: 1.0 Chi2: 1.1680856526528818 Con: 0
 Con: 0
