Msmo: 25.166666666666668 RhoS: 1.0
Ml1: 1.0 RhoN: 1.0
Mspe: 15.5 RhoV: 1.0
Mtem: 15.5 RhoT: 1.0
RhoP: 1.0 Chi2: 1.209198862873649 Con: 0
 Con: 0
