Msmo: 25.166666666666668 RhoS: 1.0
Ml1: 5.833333333333333 RhoN: 1.0
Mspe: 15.5 RhoV: 1.0
Mtem: 1.0 RhoT: 1.0
RhoP: 1.0 Chi2: 1.124080988576277 Con: 1
 Con: 1
