Msmo: 25.166666666666668 RhoS: 1.0
Ml1: 5.833333333333333 RhoN: 1.0
Mspe: 30.0 RhoV: 1.0
Mtem: 30.0 RhoT: 1.0
RhoP: 1.0 Chi2: 1.324280601119057 Con: 1
 Con: 1
