Msmo: 25.166666666666668 RhoS: 1.0
Ml1: 10.666666666666666 RhoN: 1.0
Mspe: 15.5 RhoV: 1.0
Mtem: 10.666666666666666 RhoT: 1.0
RhoP: 1.0 Chi2: 1.1833850115382392 Con: 1
 Con: 1
