Msmo: 25.166666666666668 RhoS: 1.0
Ml1: 20.333333333333332 RhoN: 1.0
Mspe: 20.333333333333332 RhoV: 1.0
Mtem: 15.5 RhoT: 1.0
RhoP: 1.0 Chi2: 1.219274070819452 Con: 1
 Con: 1
