Msmo: 25.166666666666668 RhoS: 1.0
Ml1: 25.166666666666668 RhoN: 1.0
Mspe: 20.333333333333332 RhoV: 1.0
Mtem: 10.666666666666666 RhoT: 1.0
RhoP: 1.0 Chi2: 1.217422407219514 Con: 1
 Con: 1
