Msmo: 25.166666666666668 RhoS: 1.0
Ml1: 25.166666666666668 RhoN: 1.0
Mspe: 25.166666666666668 RhoV: 1.0
Mtem: 1.0 RhoT: 1.0
RhoP: 1.0 Chi2: 1.197238858303334 Con: 1
 Con: 1
