Msmo: 30.0 RhoS: 1.0
Ml1: 5.833333333333333 RhoN: 1.0
Mspe: 1.0 RhoV: 1.0
Mtem: 10.666666666666666 RhoT: 1.0
RhoP: 1.0 Chi2: 1.101165824764328 Con: 1
 Con: 1
