Msmo: 30.0 RhoS: 1.0
Ml1: 25.166666666666668 RhoN: 1.0
Mspe: 20.333333333333332 RhoV: 1.0
Mtem: 25.166666666666668 RhoT: 1.0
RhoP: 1.0 Chi2: 1.2835431406208804 Con: 1
 Con: 1
