Msmo: 30.0 RhoS: 1.0
Ml1: 30.0 RhoN: 1.0
Mspe: 25.166666666666668 RhoV: 1.0
Mtem: 5.833333333333333 RhoT: 1.0
RhoP: 1.0 Chi2: 1.2178693231086013 Con: 1
 Con: 1
