Msmo: 50.0 RhoS: 1.0
Ml1: 17.333333333333332 RhoN: 1.0
Mspe: 50.0 RhoV: 1.0
Mtem: 33.666666666666664 RhoT: 1.0
RhoP: 1.0 Chi2: 1.4286916190271437 Con: 1
 Con: 1
