Msmo: 5.833333333333333 RhoS: 1.0
Ml1: 30.0 RhoN: 1.0
Mspe: 1.0 RhoV: 1.0
Mtem: 10.666666666666666 RhoT: 1.0
RhoP: 1.0 Chi2: 1.0905295642857167 Con: 1
 Con: 1
