Msmo: 10.666666666666666 RhoS: 1.0
Ml1: 1.0 RhoN: 1.0
Mspe: 25.166666666666668 RhoV: 1.0
Mtem: 10.666666666666666 RhoT: 1.0
RhoP: 1.0 Chi2: 1.2101078819442705 Con: 0
 Con: 0
