Msmo: 10.666666666666666 RhoS: 1.0
Ml1: 10.666666666666666 RhoN: 1.0
Mspe: 5.833333333333333 RhoV: 1.0
Mtem: 10.666666666666666 RhoT: 1.0
RhoP: 1.0 Chi2: 1.113868775905992 Con: 1
 Con: 1
