Msmo: 10.666666666666666 RhoS: 1.0
Ml1: 15.5 RhoN: 1.0
Mspe: 20.333333333333332 RhoV: 1.0
Mtem: 1.0 RhoT: 1.0
RhoP: 1.0 Chi2: 1.1550026402533229 Con: 0
 Con: 0
