Msmo: 1.0 RhoS: 1.0
Ml1: 1.0 RhoN: 1.0
Mspe: 1.0 RhoV: 1.0
Mtem: 10.666666666666666 RhoT: 1.0
RhoP: 1.0 Chi2: 0.9839956221796329 Con: 1
 Con: 1
