Msmo: 1.0 RhoS: 1.0
Ml1: 1.0 RhoN: 1.0
Mspe: 25.166666666666668 RhoV: 1.0
Mtem: 25.166666666666668 RhoT: 1.0
RhoP: 1.0 Chi2: 1.0034281753363614 Con: 1
 Con: 1
