Msmo: 1.0 RhoS: 1.0
Ml1: 5.833333333333333 RhoN: 1.0
Mspe: 30.0 RhoV: 1.0
Mtem: 5.833333333333333 RhoT: 1.0
RhoP: 1.0 Chi2: 0.995133096035184 Con: 0
 Con: 0
