Msmo: 1.0 RhoS: 1.0
Ml1: 10.666666666666666 RhoN: 1.0
Mspe: 10.666666666666666 RhoV: 1.0
Mtem: 10.666666666666666 RhoT: 1.0
RhoP: 1.0 Chi2: 0.9895363715030935 Con: 1
 Con: 1
