Msmo: 1.0 RhoS: 1.0
Ml1: 10.666666666666666 RhoN: 1.0
Mspe: 25.166666666666668 RhoV: 1.0
Mtem: 5.833333333333333 RhoT: 1.0
RhoP: 1.0 Chi2: 0.9935880877362965 Con: 0
 Con: 0
