Msmo: 1.0 RhoS: 1.0
Ml1: 20.333333333333332 RhoN: 1.0
Mspe: 15.5 RhoV: 1.0
Mtem: 5.833333333333333 RhoT: 1.0
RhoP: 1.0 Chi2: 0.9904495011198834 Con: 1
 Con: 1
