Msmo: 1.0 RhoS: 1.0
Ml1: 25.166666666666668 RhoN: 1.0
Mspe: 10.666666666666666 RhoV: 1.0
Mtem: 20.333333333333332 RhoT: 1.0
RhoP: 1.0 Chi2: 0.9970735870282887 Con: 1
 Con: 1
