Msmo: 1.0 RhoS: 1.0
Ml1: 25.166666666666668 RhoN: 1.0
Mspe: 15.5 RhoV: 1.0
Mtem: 20.333333333333332 RhoT: 1.0
RhoP: 1.0 Chi2: 0.9993774305594437 Con: 1
 Con: 1
