Msmo: 1.0 RhoS: 1.0
Ml1: 30.0 RhoN: 1.0
Mspe: 5.833333333333333 RhoV: 1.0
Mtem: 1.0 RhoT: 1.0
RhoP: 1.0 Chi2: 0.9838601507928084 Con: 0
 Con: 0
