Msmo: 5.833333333333333 RhoS: 1.0
Ml1: 1.0 RhoN: 1.0
Mspe: 20.333333333333332 RhoV: 1.0
Mtem: 30.0 RhoT: 1.0
RhoP: 1.0 Chi2: 1.0049140645895251 Con: 0
 Con: 0
