Msmo: 5.833333333333333 RhoS: 1.0
Ml1: 5.833333333333333 RhoN: 1.0
Mspe: 30.0 RhoV: 1.0
Mtem: 1.0 RhoT: 1.0
RhoP: 1.0 Chi2: 0.9917421526354468 Con: 0
 Con: 0
