Msmo: 5.833333333333333 RhoS: 1.0
Ml1: 10.666666666666666 RhoN: 1.0
Mspe: 1.0 RhoV: 1.0
Mtem: 30.0 RhoT: 1.0
RhoP: 1.0 Chi2: 1.0093476227119067 Con: 1
 Con: 1
