Msmo: 5.833333333333333 RhoS: 1.0
Ml1: 10.666666666666666 RhoN: 1.0
Mspe: 15.5 RhoV: 1.0
Mtem: 20.333333333333332 RhoT: 1.0
RhoP: 1.0 Chi2: 0.9968346885272363 Con: 1
 Con: 1
