Msmo: 5.833333333333333 RhoS: 1.0
Ml1: 10.666666666666666 RhoN: 1.0
Mspe: 20.333333333333332 RhoV: 1.0
Mtem: 25.166666666666668 RhoT: 1.0
RhoP: 1.0 Chi2: 1.0030143099764943 Con: 1
 Con: 1
