Msmo: 5.833333333333333 RhoS: 1.0
Ml1: 10.666666666666666 RhoN: 1.0
Mspe: 25.166666666666668 RhoV: 1.0
Mtem: 25.166666666666668 RhoT: 1.0
RhoP: 1.0 Chi2: 1.0050904837712187 Con: 0
 Con: 0
