Msmo: 5.833333333333333 RhoS: 1.0
Ml1: 10.666666666666666 RhoN: 1.0
Mspe: 30.0 RhoV: 1.0
Mtem: 30.0 RhoT: 1.0
RhoP: 1.0 Chi2: 1.0110693937405462 Con: 0
 Con: 0
