Msmo: 5.833333333333333 RhoS: 1.0
Ml1: 15.5 RhoN: 1.0
Mspe: 1.0 RhoV: 1.0
Mtem: 10.666666666666666 RhoT: 1.0
RhoP: 1.0 Chi2: 0.9883479630185368 Con: 1
 Con: 1
