Msmo: 5.833333333333333 RhoS: 1.0
Ml1: 15.5 RhoN: 1.0
Mspe: 1.0 RhoV: 1.0
Mtem: 20.333333333333332 RhoT: 1.0
RhoP: 1.0 Chi2: 1.0124815153016233 Con: 1
 Con: 1
