Msmo: 5.833333333333333 RhoS: 1.0
Ml1: 15.5 RhoN: 1.0
Mspe: 5.833333333333333 RhoV: 1.0
Mtem: 30.0 RhoT: 1.0
RhoP: 1.0 Chi2: 0.998596398394392 Con: 1
 Con: 1
