Msmo: 5.833333333333333 RhoS: 1.0
Ml1: 15.5 RhoN: 1.0
Mspe: 15.5 RhoV: 1.0
Mtem: 15.5 RhoT: 1.0
RhoP: 1.0 Chi2: 0.9964978657372687 Con: 1
 Con: 1
