Msmo: 5.833333333333333 RhoS: 1.0
Ml1: 20.333333333333332 RhoN: 1.0
Mspe: 5.833333333333333 RhoV: 1.0
Mtem: 5.833333333333333 RhoT: 1.0
RhoP: 1.0 Chi2: 0.9863371455517976 Con: 0
 Con: 0
