Msmo: 5.833333333333333 RhoS: 1.0
Ml1: 20.333333333333332 RhoN: 1.0
Mspe: 25.166666666666668 RhoV: 1.0
Mtem: 20.333333333333332 RhoT: 1.0
RhoP: 1.0 Chi2: 1.0028349743298506 Con: 0
 Con: 0
