Msmo: 5.833333333333333 RhoS: 1.0
Ml1: 25.166666666666668 RhoN: 1.0
Mspe: 5.833333333333333 RhoV: 1.0
Mtem: 1.0 RhoT: 1.0
RhoP: 1.0 Chi2: 0.9834002900436423 Con: 0
 Con: 0
