Msmo: 5.833333333333333 RhoS: 1.0
Ml1: 30.0 RhoN: 1.0
Mspe: 20.333333333333332 RhoV: 1.0
Mtem: 30.0 RhoT: 1.0
RhoP: 1.0 Chi2: 1.0099624808025007 Con: 1
 Con: 1
