Msmo: 10.666666666666666 RhoS: 1.0
Ml1: 1.0 RhoN: 1.0
Mspe: 15.5 RhoV: 1.0
Mtem: 30.0 RhoT: 1.0
RhoP: 1.0 Chi2: 1.003736546673564 Con: 1
 Con: 1
