Msmo: 10.666666666666666 RhoS: 1.0
Ml1: 1.0 RhoN: 1.0
Mspe: 30.0 RhoV: 1.0
Mtem: 1.0 RhoT: 1.0
RhoP: 1.0 Chi2: 0.9930657896649497 Con: 0
 Con: 0
