Msmo: 10.666666666666666 RhoS: 1.0
Ml1: 5.833333333333333 RhoN: 1.0
Mspe: 5.833333333333333 RhoV: 1.0
Mtem: 25.166666666666668 RhoT: 1.0
RhoP: 1.0 Chi2: 0.9968920321003943 Con: 1
 Con: 1
