Msmo: 10.666666666666666 RhoS: 1.0
Ml1: 10.666666666666666 RhoN: 1.0
Mspe: 10.666666666666666 RhoV: 1.0
Mtem: 20.333333333333332 RhoT: 1.0
RhoP: 1.0 Chi2: 0.9984939036835899 Con: 1
 Con: 1
