Msmo: 10.666666666666666 RhoS: 1.0
Ml1: 15.5 RhoN: 1.0
Mspe: 25.166666666666668 RhoV: 1.0
Mtem: 10.666666666666666 RhoT: 1.0
RhoP: 1.0 Chi2: 0.9991494684316631 Con: 1
 Con: 1
