Msmo: 10.666666666666666 RhoS: 1.0
Ml1: 15.5 RhoN: 1.0
Mspe: 30.0 RhoV: 1.0
Mtem: 15.5 RhoT: 1.0
RhoP: 1.0 Chi2: 1.003870024058877 Con: 0
 Con: 0
