Msmo: 10.666666666666666 RhoS: 1.0
Ml1: 20.333333333333332 RhoN: 1.0
Mspe: 10.666666666666666 RhoV: 1.0
Mtem: 5.833333333333333 RhoT: 1.0
RhoP: 1.0 Chi2: 0.9898449872190336 Con: 0
 Con: 0
