Msmo: 10.666666666666666 RhoS: 1.0
Ml1: 20.333333333333332 RhoN: 1.0
Mspe: 30.0 RhoV: 1.0
Mtem: 15.5 RhoT: 1.0
RhoP: 1.0 Chi2: 1.0047364664029517 Con: 1
 Con: 1
