Msmo: 10.666666666666666 RhoS: 1.0
Ml1: 25.166666666666668 RhoN: 1.0
Mspe: 15.5 RhoV: 1.0
Mtem: 25.166666666666668 RhoT: 1.0
RhoP: 1.0 Chi2: 1.0055216561082558 Con: 1
 Con: 1
