Msmo: 10.666666666666666 RhoS: 1.0
Ml1: 25.166666666666668 RhoN: 1.0
Mspe: 25.166666666666668 RhoV: 1.0
Mtem: 1.0 RhoT: 1.0
RhoP: 1.0 Chi2: 0.9934959699475624 Con: 0
 Con: 0
