Msmo: 15.5 RhoS: 1.0
Ml1: 5.833333333333333 RhoN: 1.0
Mspe: 1.0 RhoV: 1.0
Mtem: 1.0 RhoT: 1.0
RhoP: 1.0 Chi2: 0.9800404970873821 Con: 1
 Con: 1
