Msmo: 15.5 RhoS: 1.0
Ml1: 10.666666666666666 RhoN: 1.0
Mspe: 5.833333333333333 RhoV: 1.0
Mtem: 1.0 RhoT: 1.0
RhoP: 1.0 Chi2: 0.9841275305173074 Con: 0
 Con: 0
