Msmo: 15.5 RhoS: 1.0
Ml1: 10.666666666666666 RhoN: 1.0
Mspe: 5.833333333333333 RhoV: 1.0
Mtem: 30.0 RhoT: 1.0
RhoP: 1.0 Chi2: 1.0033715585069185 Con: 1
 Con: 1
