Msmo: 15.5 RhoS: 1.0
Ml1: 10.666666666666666 RhoN: 1.0
Mspe: 15.5 RhoV: 1.0
Mtem: 15.5 RhoT: 1.0
RhoP: 1.0 Chi2: 0.9998148913470624 Con: 1
 Con: 1
