Msmo: 15.5 RhoS: 1.0
Ml1: 15.5 RhoN: 1.0
Mspe: 25.166666666666668 RhoV: 1.0
Mtem: 1.0 RhoT: 1.0
RhoP: 1.0 Chi2: 0.9941105687865761 Con: 0
 Con: 0
