Msmo: 15.5 RhoS: 1.0
Ml1: 20.333333333333332 RhoN: 1.0
Mspe: 30.0 RhoV: 1.0
Mtem: 1.0 RhoT: 1.0
RhoP: 1.0 Chi2: 0.9969747169838735 Con: 0
 Con: 0
