Msmo: 15.5 RhoS: 1.0
Ml1: 25.166666666666668 RhoN: 1.0
Mspe: 1.0 RhoV: 1.0
Mtem: 5.833333333333333 RhoT: 1.0
RhoP: 1.0 Chi2: 0.9898975704251446 Con: 1
 Con: 1
