Msmo: 15.5 RhoS: 1.0
Ml1: 25.166666666666668 RhoN: 1.0
Mspe: 30.0 RhoV: 1.0
Mtem: 20.333333333333332 RhoT: 1.0
RhoP: 1.0 Chi2: 1.0112007091695168 Con: 0
 Con: 0
