Msmo: 15.5 RhoS: 1.0
Ml1: 30.0 RhoN: 1.0
Mspe: 5.833333333333333 RhoV: 1.0
Mtem: 25.166666666666668 RhoT: 1.0
RhoP: 1.0 Chi2: 1.0040744197144158 Con: 1
 Con: 1
