Msmo: 20.333333333333332 RhoS: 1.0
Ml1: 1.0 RhoN: 1.0
Mspe: 10.666666666666666 RhoV: 1.0
Mtem: 1.0 RhoT: 1.0
RhoP: 1.0 Chi2: 0.9872729645600749 Con: 0
 Con: 0
