Msmo: 20.333333333333332 RhoS: 1.0
Ml1: 1.0 RhoN: 1.0
Mspe: 15.5 RhoV: 1.0
Mtem: 20.333333333333332 RhoT: 1.0
RhoP: 1.0 Chi2: 1.002440494705933 Con: 1
 Con: 1
