Msmo: 20.333333333333332 RhoS: 1.0
Ml1: 5.833333333333333 RhoN: 1.0
Mspe: 10.666666666666666 RhoV: 1.0
Mtem: 20.333333333333332 RhoT: 1.0
RhoP: 1.0 Chi2: 1.0005456551105891 Con: 1
 Con: 1
