Msmo: 20.333333333333332 RhoS: 1.0
Ml1: 10.666666666666666 RhoN: 1.0
Mspe: 10.666666666666666 RhoV: 1.0
Mtem: 1.0 RhoT: 1.0
RhoP: 1.0 Chi2: 0.9885209383753972 Con: 0
 Con: 0
