Msmo: 20.333333333333332 RhoS: 1.0
Ml1: 10.666666666666666 RhoN: 1.0
Mspe: 20.333333333333332 RhoV: 1.0
Mtem: 10.666666666666666 RhoT: 1.0
RhoP: 1.0 Chi2: 1.000043348208369 Con: 0
 Con: 0
