Msmo: 20.333333333333332 RhoS: 1.0
Ml1: 20.333333333333332 RhoN: 1.0
Mspe: 20.333333333333332 RhoV: 1.0
Mtem: 10.666666666666666 RhoT: 1.0
RhoP: 1.0 Chi2: 1.0032975459145426 Con: 1
 Con: 1
