Msmo: 20.333333333333332 RhoS: 1.0
Ml1: 25.166666666666668 RhoN: 1.0
Mspe: 20.333333333333332 RhoV: 1.0
Mtem: 5.833333333333333 RhoT: 1.0
RhoP: 1.0 Chi2: 0.9988463692119812 Con: 1
 Con: 1
