Msmo: 50.0 RhoS: 1.0
Ml1: 17.333333333333332 RhoN: 1.0
Mspe: 17.333333333333332 RhoV: 1.0
Mtem: 50.0 RhoT: 1.0
RhoP: 1.0 Chi2: 1.0376539097498463 Con: 1
 Con: 1
