Msmo: 20.333333333333332 RhoS: 1.0
Ml1: 25.166666666666668 RhoN: 1.0
Mspe: 30.0 RhoV: 1.0
Mtem: 1.0 RhoT: 1.0
RhoP: 1.0 Chi2: 1.0000741452289026 Con: 0
 Con: 0
