Msmo: 20.333333333333332 RhoS: 1.0
Ml1: 30.0 RhoN: 1.0
Mspe: 5.833333333333333 RhoV: 1.0
Mtem: 30.0 RhoT: 1.0
RhoP: 1.0 Chi2: 1.008921904093638 Con: 1
 Con: 1
