Msmo: 20.333333333333332 RhoS: 1.0
Ml1: 30.0 RhoN: 1.0
Mspe: 20.333333333333332 RhoV: 1.0
Mtem: 1.0 RhoT: 1.0
RhoP: 1.0 Chi2: 0.9969527772918131 Con: 0
 Con: 0
