Msmo: 25.166666666666668 RhoS: 1.0
Ml1: 1.0 RhoN: 1.0
Mspe: 5.833333333333333 RhoV: 1.0
Mtem: 10.666666666666666 RhoT: 1.0
RhoP: 1.0 Chi2: 0.993667828012213 Con: 0
 Con: 0
