Msmo: 25.166666666666668 RhoS: 1.0
Ml1: 10.666666666666666 RhoN: 1.0
Mspe: 20.333333333333332 RhoV: 1.0
Mtem: 5.833333333333333 RhoT: 1.0
RhoP: 1.0 Chi2: 0.9992995579113254 Con: 0
 Con: 0
