Msmo: 25.166666666666668 RhoS: 1.0
Ml1: 10.666666666666666 RhoN: 1.0
Mspe: 30.0 RhoV: 1.0
Mtem: 15.5 RhoT: 1.0
RhoP: 1.0 Chi2: 1.010145765661416 Con: 0
 Con: 0
