Msmo: 25.166666666666668 RhoS: 1.0
Ml1: 15.5 RhoN: 1.0
Mspe: 30.0 RhoV: 1.0
Mtem: 1.0 RhoT: 1.0
RhoP: 1.0 Chi2: 1.0022550932695962 Con: 1
 Con: 1
