Msmo: 25.166666666666668 RhoS: 1.0
Ml1: 20.333333333333332 RhoN: 1.0
Mspe: 30.0 RhoV: 1.0
Mtem: 5.833333333333333 RhoT: 1.0
RhoP: 1.0 Chi2: 1.0013380246067087 Con: 1
 Con: 1
