Msmo: 25.166666666666668 RhoS: 1.0
Ml1: 30.0 RhoN: 1.0
Mspe: 20.333333333333332 RhoV: 1.0
Mtem: 1.0 RhoT: 1.0
RhoP: 1.0 Chi2: 0.9991582002282849 Con: 0
 Con: 0
