Msmo: 25.166666666666668 RhoS: 1.0
Ml1: 30.0 RhoN: 1.0
Mspe: 25.166666666666668 RhoV: 1.0
Mtem: 25.166666666666668 RhoT: 1.0
RhoP: 1.0 Chi2: 1.0186379688117533 Con: 0
 Con: 0
