Msmo: 30.0 RhoS: 1.0
Ml1: 5.833333333333333 RhoN: 1.0
Mspe: 30.0 RhoV: 1.0
Mtem: 15.5 RhoT: 1.0
RhoP: 1.0 Chi2: 1.0118319702973029 Con: 0
 Con: 0
