Msmo: 30.0 RhoS: 1.0
Ml1: 10.666666666666666 RhoN: 1.0
Mspe: 1.0 RhoV: 1.0
Mtem: 5.833333333333333 RhoT: 1.0
RhoP: 1.0 Chi2: 0.9941173077012674 Con: 1
 Con: 1
