Msmo: 30.0 RhoS: 1.0
Ml1: 15.5 RhoN: 1.0
Mspe: 10.666666666666666 RhoV: 1.0
Mtem: 10.666666666666666 RhoT: 1.0
RhoP: 1.0 Chi2: 0.9992190505306765 Con: 0
 Con: 0
