Msmo: 30.0 RhoS: 1.0
Ml1: 20.333333333333332 RhoN: 1.0
Mspe: 10.666666666666666 RhoV: 1.0
Mtem: 1.0 RhoT: 1.0
RhoP: 1.0 Chi2: 0.9942122050569318 Con: 0
 Con: 0
