Msmo: 30.0 RhoS: 1.0
Ml1: 20.333333333333332 RhoN: 1.0
Mspe: 25.166666666666668 RhoV: 1.0
Mtem: 10.666666666666666 RhoT: 1.0
RhoP: 1.0 Chi2: 1.010763504971638 Con: 1
 Con: 1
