Msmo: 30.0 RhoS: 1.0
Ml1: 25.166666666666668 RhoN: 1.0
Mspe: 1.0 RhoV: 1.0
Mtem: 30.0 RhoT: 1.0
RhoP: 1.0 Chi2: 1.0250850076585303 Con: 0
 Con: 0
