Msmo: 30.0 RhoS: 1.0
Ml1: 30.0 RhoN: 1.0
Mspe: 5.833333333333333 RhoV: 1.0
Mtem: 20.333333333333332 RhoT: 1.0
RhoP: 1.0 Chi2: 1.0095286732256132 Con: 1
 Con: 1
