Msmo: 30.0 RhoS: 1.0
Ml1: 30.0 RhoN: 1.0
Mspe: 10.666666666666666 RhoV: 1.0
Mtem: 5.833333333333333 RhoT: 1.0
RhoP: 1.0 Chi2: 1.0001480431469882 Con: 0
 Con: 0
