Msmo: 1.0 RhoS: 1.0
Ml1: 17.333333333333332 RhoN: 1.0
Mspe: 50.0 RhoV: 1.0
Mtem: 1.0 RhoT: 1.0
RhoP: 1.0 Chi2: 0.9742285832640094 Con: 0
 Con: 0
