Msmo: 1.0 RhoS: 1.0
Ml1: 50.0 RhoN: 1.0
Mspe: 50.0 RhoV: 1.0
Mtem: 33.666666666666664 RhoT: 1.0
RhoP: 1.0 Chi2: 1.022786431018021 Con: 0
 Con: 0
