Msmo: 17.333333333333332 RhoS: 1.0
Ml1: 33.666666666666664 RhoN: 1.0
Mspe: 50.0 RhoV: 1.0
Mtem: 1.0 RhoT: 1.0
RhoP: 1.0 Chi2: 1.035042017207248 Con: 1
 Con: 1
