Msmo: 39.333333333333336 RhoS: 1.0
Ml1: 22.666666666666668 RhoN: 1.0
Mspe: 88.0 RhoV: 1.0
Mtem: 1.0 RhoT: 1.0
RhoP: 1.0 Chi2: 1.0699632237985321 Con: 1
 Con: 1
