Msmo: 45.0 RhoS: 1.0
Ml1: 20.333333333333332 RhoN: 1.0
Mspe: 88.0 RhoV: 1.0
Mtem: 1.0 RhoT: 1.0
RhoP: 1.0 Chi2: 1.080110431312476 Con: 0
 Con: 0
