Msmo: 33.666666666666664 RhoS: 1.0
Ml1: 25.0 RhoN: 1.0
Mspe: 88.0 RhoV: 1.0
Mtem: 1.0 RhoT: 1.0
RhoP: 1.0 Chi2: 1.0611670188076443 Con: 1
 Con: 1
