Msmo: 33.666666666666664 RhoS: 1.0
Ml1: 50.0 RhoN: 1.0
Mspe: 17.333333333333332 RhoV: 1.0
Mtem: 33.666666666666664 RhoT: 1.0
RhoP: 1.0 Chi2: 1.1264581470399575 Con: 0
 Con: 0
