Msmo: 50.0 RhoS: 1.0
Ml1: 33.666666666666664 RhoN: 1.0
Mspe: 17.333333333333332 RhoV: 1.0
Mtem: 50.0 RhoT: 1.0
RhoP: 1.0 Chi2: 1.2097937511857637 Con: 0
 Con: 0
