Msmo: 17.333333333333332 RhoS: 1.0
Ml1: 33.666666666666664 RhoN: 1.0
Mspe: 17.333333333333332 RhoV: 1.0
Mtem: 17.333333333333332 RhoT: 1.0
RhoP: 1.0 Chi2: 1.0469960198152548 Con: 1
 Con: 1
