Msmo: 33.666666666666664 RhoS: 1.0
Ml1: 1.0 RhoN: 1.0
Mspe: 1.0 RhoV: 1.0
Mtem: 50.0 RhoT: 1.0
RhoP: 1.0 Chi2: 1.1196597695503125 Con: 0
 Con: 0
