Msmo: 1.0 RhoS: 1.0
Ml1: 33.666666666666664 RhoN: 1.0
Mspe: 50.0 RhoV: 1.0
Mtem: 17.333333333333332 RhoT: 1.0
RhoP: 1.0 Chi2: 0.9804873251501773 Con: 1
 Con: 1
