Msmo: 1.0 RhoS: 1.0
Ml1: 50.0 RhoN: 1.0
Mspe: 17.333333333333332 RhoV: 1.0
Mtem: 17.333333333333332 RhoT: 1.0
RhoP: 1.0 Chi2: 0.9798975579265727 Con: 1
 Con: 1
