Msmo: 33.666666666666664 RhoS: 1.0
Ml1: 50.0 RhoN: 1.0
Mspe: 1.0 RhoV: 1.0
Mtem: 17.333333333333332 RhoT: 1.0
RhoP: 1.0 Chi2: 0.9834472398230433 Con: 0
 Con: 0
