Msmo: 1.0 RhoS: 1.0
Ml1: 1.0 RhoN: 1.0000000000000016
Mspe: 30.8 RhoV: 1.0
Mtem: 90.4 RhoT: 1.0
RhoP: 1.0 Chi2: 1.0533638565295622 Con: 0
 Con: 0
