Msmo: 1.0 RhoS: 1.0
Ml1: 1.0 RhoN: 1.0000000000000038
Mspe: 60.6 RhoV: 1.0
Mtem: 60.6 RhoT: 1.0
RhoP: 1.0 Chi2: 1.0554429017908158 Con: 0
 Con: 0
