Msmo: 1.0 RhoS: 1.0
Ml1: 1.0 RhoN: 0.9999999999999903
Mspe: 60.6 RhoV: 1.0
Mtem: 90.4 RhoT: 1.0
RhoP: 1.0 Chi2: 1.0741014424606334 Con: 0
 Con: 0
