Msmo: 1.0 RhoS: 1.0
Ml1: 1.0 RhoN: 0.9999999999999988
Mspe: 60.6 RhoV: 1.0
Mtem: 150.0 RhoT: 1.0
RhoP: 1.0 Chi2: 1.113339297799342 Con: 0
 Con: 0
