Msmo: 30.8 RhoS: 1.0
Ml1: 1.0 RhoN: 0.9999999999999709
Mspe: 1.0 RhoV: 1.0
Mtem: 150.0 RhoT: 1.0
RhoP: 1.0 Chi2: 1.0718955818395222 Con: 0
 Con: 0
