Msmo: 30.8 RhoS: 1.0
Ml1: 1.0 RhoN: 0.9999999999999979
Mspe: 30.8 RhoV: 1.0
Mtem: 60.6 RhoT: 1.0
RhoP: 1.0 Chi2: 1.027474472234738 Con: 1
 Con: 1
