Msmo: 30.8 RhoS: 1.0
Ml1: 1.0 RhoN: 1.0000000000000009
Mspe: 60.6 RhoV: 1.0
Mtem: 150.0 RhoT: 1.0
RhoP: 1.0 Chi2: 1.0722181059699145 Con: 1
 Con: 1
