Msmo: 30.8 RhoS: 1.0
Ml1: 1.0 RhoN: 1.0000000000000042
Mspe: 90.4 RhoV: 1.0
Mtem: 90.4 RhoT: 1.0
RhoP: 1.0 Chi2: 1.059262608622385 Con: 1
 Con: 1
