Msmo: 30.8 RhoS: 1.0
Ml1: 1.0 RhoN: 1.000000000000002
Mspe: 90.4 RhoV: 1.0
Mtem: 120.2 RhoT: 1.0
RhoP: 1.0 Chi2: 1.0824737830464655 Con: 1
 Con: 1
