Msmo: 30.8 RhoS: 1.0
Ml1: 1.0 RhoN: 1.000000000000002
Mspe: 120.2 RhoV: 1.0
Mtem: 120.2 RhoT: 1.0
RhoP: 1.0 Chi2: 1.0945050839852757 Con: 1
 Con: 1
