Msmo: 30.8 RhoS: 1.0
Ml1: 1.0 RhoN: 1.000000000000004
Mspe: 120.2 RhoV: 1.0
Mtem: 150.0 RhoT: 1.0
RhoP: 1.0 Chi2: 1.1005274445808195 Con: 1
 Con: 1
