Msmo: 1.0 RhoS: 1.0
Ml1: 1.0 RhoN: 1.0000000000000135
Mspe: 150.0 RhoV: 1.0
Mtem: 1.0 RhoT: 1.0
RhoP: 1.0 Chi2: 1.0622003429658555 Con: 0
 Con: 0
