Msmo: 1.0 RhoS: 1.0
Ml1: 1.0 RhoN: 1.000000000020941
Mspe: 150.0 RhoV: 1.0
Mtem: 30.8 RhoT: 1.0
RhoP: 1.0 Chi2: 1.0892277354143205 Con: 0
 Con: 0
