Msmo: 1.0 RhoS: 1.0
Ml1: 1.0 RhoN: 1.0000000000357012
Mspe: 150.0 RhoV: 1.0
Mtem: 60.6 RhoT: 1.0
RhoP: 1.0 Chi2: 1.0969821531942798 Con: 0
 Con: 0
