Msmo: 1.0 RhoS: 1.0
Ml1: 1.0 RhoN: 0.9999999999999926
Mspe: 150.0 RhoV: 1.0
Mtem: 150.0 RhoT: 1.0
RhoP: 1.0 Chi2: 1.1568494046175466 Con: 0
 Con: 0
