Msmo: 30.8 RhoS: 4.511926706222757
Ml1: 150.0 RhoN: 4.475531973862979
Mspe: 1.0 RhoV: 1.0
Mtem: 1.0 RhoT: 1.0
RhoP: 1.0 Chi2: 1.1164366957365772 Con: 1
 Con: 1
