Msmo: 1.0 RhoS: 1.0
Ml1: 30.8 RhoN: 0.9993780526162438
Mspe: 90.4 RhoV: 1.0
Mtem: 60.6 RhoT: 1.0
RhoP: 1.0 Chi2: 1.0985810893042813 Con: 0
 Con: 0
