Msmo: 1.0 RhoS: 1.0
Ml1: 30.8 RhoN: 0.9999788077043219
Mspe: 90.4 RhoV: 1.0
Mtem: 150.0 RhoT: 1.0
RhoP: 1.0 Chi2: 1.1491788745180416 Con: 0
 Con: 0
