Msmo: 1.0 RhoS: 1.0
Ml1: 30.8 RhoN: 0.9999999999999996
Mspe: 120.2 RhoV: 1.0
Mtem: 90.4 RhoT: 1.0
RhoP: 1.0 Chi2: 1.070611811090149 Con: 1
 Con: 1
