Msmo: 1.0 RhoS: 1.0
Ml1: 30.8 RhoN: 0.9999788077030803
Mspe: 120.2 RhoV: 1.0
Mtem: 150.0 RhoT: 1.0
RhoP: 1.0 Chi2: 1.1766169862049614 Con: 0
 Con: 0
