Msmo: 1.0 RhoS: 1.0
Ml1: 30.8 RhoN: 0.9997356959370621
Mspe: 150.0 RhoV: 1.0
Mtem: 30.8 RhoT: 1.0
RhoP: 1.0 Chi2: 1.107818285311483 Con: 0
 Con: 0
