Msmo: 1.0 RhoS: 1.0
Ml1: 30.8 RhoN: 0.9993780526163079
Mspe: 150.0 RhoV: 1.0
Mtem: 60.6 RhoT: 1.0
RhoP: 1.0 Chi2: 1.1251455065642375 Con: 0
 Con: 0
