Msmo: 1.0 RhoS: 1.0
Ml1: 1.0 RhoN: 0.9999999999999987
Mspe: 30.8 RhoV: 1.0
Mtem: 1.0 RhoT: 1.0
RhoP: 1.0 Chi2: 1.0075686434335052 Con: 0
 Con: 0
