Msmo: 1.0 RhoS: 1.0
Ml1: 30.8 RhoN: 0.9999999999999923
Mspe: 150.0 RhoV: 1.0
Mtem: 90.4 RhoT: 1.0
RhoP: 1.0 Chi2: 1.1448083448532573 Con: 0
 Con: 0
