Msmo: 1.0 RhoS: 1.0
Ml1: 30.8 RhoN: 0.9999788077030912
Mspe: 150.0 RhoV: 1.0
Mtem: 150.0 RhoT: 1.0
RhoP: 1.0 Chi2: 1.1027849937795047 Con: 1
 Con: 1
