Msmo: 1.0 RhoS: 1.0
Ml1: 1.0 RhoN: 1.000000000001681
Mspe: 30.8 RhoV: 1.0
Mtem: 30.8 RhoT: 1.0
RhoP: 1.0 Chi2: 1.03434549028285 Con: 0
 Con: 0
