Msmo: 1.0 RhoS: 1.0
Ml1: 17.333333333333332 RhoN: 1.0
Mspe: 33.666666666666664 RhoV: 1.0
Mtem: 50.0 RhoT: 1.0
RhoP: 1.0 Chi2: 0.9968944045831076 Con: 1
 Con: 1
