Msmo: 17.333333333333332 RhoS: 1.0
Ml1: 17.333333333333332 RhoN: 1.0
Mspe: 1.0 RhoV: 1.0
Mtem: 17.333333333333332 RhoT: 1.0
RhoP: 1.0 Chi2: 0.987155116716572 Con: 0
 Con: 0
