Msmo: 17.333333333333332 RhoS: 1.0
Ml1: 17.333333333333332 RhoN: 1.0
Mspe: 50.0 RhoV: 1.0
Mtem: 50.0 RhoT: 1.0
RhoP: 1.0 Chi2: 1.0036429800290472 Con: 1
 Con: 1
