Msmo: 33.666666666666664 RhoS: 1.0
Ml1: 50.0 RhoN: 1.0
Mspe: 33.666666666666664 RhoV: 1.0
Mtem: 33.666666666666664 RhoT: 1.0
RhoP: 1.0 Chi2: 1.2480454534873586 Con: 0
 Con: 0
