Msmo: 17.333333333333332 RhoS: 1.0
Ml1: 50.0 RhoN: 1.0
Mspe: 33.666666666666664 RhoV: 1.0
Mtem: 50.0 RhoT: 1.0
RhoP: 1.0 Chi2: 1.2116400450093048 Con: 1
 Con: 1
