Msmo: 50.0 RhoS: 1.0
Ml1: 1.0 RhoN: 1.0
Mspe: 50.0 RhoV: 1.0
Mtem: 17.333333333333332 RhoT: 1.0
RhoP: 1.0 Chi2: 1.1976459152499208 Con: 0
 Con: 0
