Msmo: 1.0 RhoS: 1.0
Ml1: 33.666666666666664 RhoN: 1.0
Mspe: 33.666666666666664 RhoV: 1.0
Mtem: 50.0 RhoT: 1.0
RhoP: 1.0 Chi2: 1.0464112027906927 Con: 1
 Con: 1
