Msmo: 17.333333333333332 RhoS: 1.0
Ml1: 1.0 RhoN: 1.0
Mspe: 33.666666666666664 RhoV: 1.0
Mtem: 33.666666666666664 RhoT: 1.0
RhoP: 1.0 Chi2: 1.1195583091106518 Con: 1
 Con: 1
