Msmo: 50.0 RhoS: 1.0
Ml1: 1.0 RhoN: 1.0
Mspe: 17.333333333333332 RhoV: 1.0
Mtem: 1.0 RhoT: 1.0
RhoP: 1.0 Chi2: 1.1008054028204517 Con: 0
 Con: 0
