Msmo: 17.333333333333332 RhoS: 1.0
Ml1: 1.0 RhoN: 1.0
Mspe: 50.0 RhoV: 1.0
Mtem: 50.0 RhoT: 1.0
RhoP: 1.0 Chi2: 0.9964126869269975 Con: 1
 Con: 1
