Msmo: 33.666666666666664 RhoS: 1.0
Ml1: 33.666666666666664 RhoN: 1.0
Mspe: 1.0 RhoV: 1.0
Mtem: 17.333333333333332 RhoT: 1.0
RhoP: 1.0 Chi2: 1.007267154393666 Con: 1
 Con: 1
